16
16  4  2  6  8 14 13  5  3 11  7  9 10 15 12
 3 16  1  7 15 12 11 10  4  5  6 13  8  9 14
 2  7 16  5  4  8  6 15  1 13 12 14  9 11 10
 5  1 15 16  3  9 10 14  2 12  8  7 11  6 13
 4 11  6  3 16 13 14  1  8  2  9 15 12 10  7
 8 14  5  1 12 16  3 13  7  9  2 10 15  4 11
11  3  8  2 13 10 16  9  6 15  1  4 14 12  5
 6 15  7 10  1  3 12 16  5 14  4 11  2 13  9
12 10 11 13 14  4 15  7 16  6  5  1  3  2  8
14  9 13  8 11  7  4  2 12 16 15  6  1  5  3
 7  5  9 14 10 15  2 12 13  1 16  8  4  3  6
 9 13 14 15  6  2  8 11 10  4  3 16  5  7  1
15 12 10  9  7  5  1  6 11  3 14  2 16  8  4
10  6 12 11  9  1  5  4 15  8 13  3  7 16  2
13  8  4 12  2 11  9  3 14  7 10  5  6  1 16
 1  2  3  4  5  6  7  8  9 10 11 12 13 14 15